M/N 1000 10000 1000000
0 0.998 2.992 544.544
1 0 2.992 469.752
2 0 1.981 454.748
3 0 0.996 433.835
4 0 0.996 357.092
5 0 0.997 346.089
6 0 1.048 336.101
7 0 0.995 319.15
8 0 1.994 335.116
9 0 0.997 310.133
10 0 0.997 316.154
11 0 0.998 304.186
12 0 0.997 302.344
13 0 1.888 343.566
14 0 0.992 297.158
15 0 2.045 285.232
16 0 0.996 296.209
17 0 0.994 281.245
18 0 0.998 292.233
19 0 1.003 325.099
20 0.998 0.997 281.248
21 0 0.998 266.145
22 0 0.997 240.356
23 0 0.997 239.359
24 0 0.998 233.375
25 0 0.998 229.603
26 0 0.996 226.394
27 0 0.997 258.348
28 0 1.958 245.343
29 0 0.997 243.35
30 0.999 0.99 205.535
